lp:32	send_count:500	send_bytes:3352	send_time:281.680672	recv_count:500	recv_bytes:3664	recv_time:170043.212545	max_event_size:440
lp:33	send_count:629	send_bytes:5448	send_time:457.815126	recv_count:629	recv_bytes:5596	recv_time:101917.057537	max_event_size:440
lp:34	send_count:409	send_bytes:3376	send_time:283.697479	recv_count:409	recv_bytes:3776	recv_time:103336.920954	max_event_size:440
lp:35	send_count:348	send_bytes:3604	send_time:302.857143	recv_count:348	recv_bytes:2744	recv_time:133655.440394	max_event_size:440
